FID,Id,ORIG_FID,x,y,elevation,basin
0,0,2,1390431.933980000000000,1139220.385410000100000,3712.1799316,15289
1,0,2,1390399.381959999900000,1139144.864730000000000,3725.0800781,15289
2,0,2,1390329.069600000000000,1139064.135719999900000,3733.3701172,15289
3,0,2,1390206.674010000000000,1138980.802549999900000,3753.6298828,15289
4,0,2,1390127.247090000000000,1138875.334010000100000,3760.7099609,15289
5,0,2,1390075.163860000000000,1138734.709300000000000,3774.6201172,15289
6,0,2,1389952.768269999900000,1138575.855449999900000,3822.0800781,15289
7,0,2,1389844.695570000000000,1138428.720320000100000,3824.5000000,15289
8,0,2,1389711.883330000100000,1138271.168559999900000,3842.9299316,15289
9,0,2,1389618.133519999900000,1138122.731350000000000,3867.9099121,15289
10,0,2,1389538.706599999900000,1137989.919120000000000,3881.1101074,15289
11,0,2,1389183.238560000000000,1137877.940179999900000,3953.8500977,15289
12,0,2,1389162.405270000000000,1137855.804800000000000,3962.0500488,15289
13,0,2,1389148.082380000000000,1137818.044460000000000,3961.4699707,15289
14,0,2,1389178.030240000000000,1137758.148749999900000,3966.0400391,15289
15,0,2,1389245.738429999900000,1137712.575920000000000,3964.1201172,15289
16,0,2,1389273.082130000000000,1137663.096859999900000,3963.1201172,15289
17,0,2,1389262.665480000000000,1137561.534560000100000,3987.3200684,15289
18,0,2,1389234.019709999900000,1137439.138970000000000,4008.1799316,15289
19,0,2,1389269.175890000100000,1137359.712050000000000,4008.1201172,15289
20,0,2,1389284.800860000100000,1137278.983040000100000,4030.1899414,15289
21,0,2,1389239.228030000100000,1137226.899810000100000,4038.3000488,15289
22,0,2,1389138.967810000100000,1137199.556120000100000,4061.8798828,15289
23,0,2,1389010.061819999900000,1137288.097610000100000,4074.5700684,15289
24,0,2,1388977.509800000100000,1137401.378629999900000,4077.8400879,15289
25,0,2,1388935.843219999900000,1137566.742880000000000,4093.5800781,15289
26,0,2,1388907.197440000000000,1137625.336510000100000,4082.8100586,15289
27,0,2,1388765.270640000000000,1137659.190609999900000,4095.8500977,15289
28,0,2,1388688.447880000100000,1137673.513499999900000,4104.5898438,15289
29,0,2,1388580.375180000000000,1137812.836140000000000,4101.3701172,15289
30,0,2,1388478.812880000100000,1137897.471390000100000,4115.6000977,15289
31,0,2,1388403.292200000000000,1137945.648370000100000,4128.2202148,15289
32,0,2,1388344.698570000000000,1138048.512750000000000,4152.7797852,15289
33,0,2,1388317.354869999900000,1138151.377129999900000,4160.1499023,15289
34,0,2,1388282.198690000000000,1138178.720819999900000,4165.2597656,15289
35,0,2,1388235.323790000100000,1138183.929150000000000,4163.5898438,15312
36,0,2,1388268.309829999900000,1138236.880429999900000,4164.1499023,15289
37,0,2,1388320.393059999900000,1138371.428770000100000,4167.9199219,15312
38,0,2,1388305.202120000000000,1138532.018729999900000,4180.7299805,15312
39,0,2,1388300.861850000000000,1138696.948950000100000,4211.6499023,15289
40,0,2,1388290.011179999900000,1138801.115410000100000,4244.2099609,15312
41,0,2,1388294.351450000000000,1138881.410390000100000,4266.7001953,15312
42,0,2,1388231.417549999900000,1138961.705370000100000,4289.9702148,15312
43,0,2,1388220.566870000000000,1139031.149670000000000,4313.1000977,15312
44,0,2,1388240.098079999900000,1139104.934249999900000,4330.2998047,15312
45,0,2,1388227.077280000100000,1139215.611109999900000,4365.2998047,15312
46,0,2,1388235.150180000100000,1138183.668730000000000,4163.5898438,15312
47,0,2,1388217.441880000100000,1138150.335460000000000,4165.7402344,15312
48,0,2,1388124.733730000000000,1138131.064670000000000,4161.0000000,15312
49,0,2,1388068.614050000000000,1138101.030010000100000,4158.9399414,15312
50,0,2,1387983.978799999900000,1138006.629149999900000,4157.9902344,15312
51,0,2,1387955.767060000000000,1137930.674450000000000,4162.7797852,15312
52,0,2,1387938.405980000000000,1137838.443729999900000,4161.9799805,15312
53,0,2,1387895.003289999900000,1137759.233820000000000,4157.7099609,15312
54,0,2,1387892.833150000100000,1137669.173230000100000,4161.8500977,15312
55,0,2,1387826.644050000000000,1137543.305429999900000,4164.7700195,15312
56,0,3,1388317.354869999900000,1138151.377129999900000,4160.1499023,15289
57,0,3,1388240.991459999900000,1138109.743100000100000,4166.7299805,15289
58,0,3,1388196.720710000000000,1138059.395980000000000,4168.4399414,15312
59,0,3,1388176.755470000000000,1137965.212140000000000,4172.8300781,15289
60,0,3,1388180.893200000000000,1137878.319949999900000,4181.1298828,15289
61,0,3,1388164.921009999900000,1137811.653420000100000,4189.5898438,15289
62,0,3,1388182.151869999900000,1137768.554539999900000,4193.2597656,15289
63,0,3,1388224.469499999900000,1137682.834229999900000,4205.6000977,15312
64,0,3,1388164.790800000100000,1137610.134720000000000,4206.7797852,15312
65,0,3,1388101.856900000000000,1137528.754680000000000,4204.9301758,15312
66,0,3,1388068.219809999900000,1137447.374630000000000,4211.9702148,15312
67,0,3,1387973.818960000100000,1137395.291400000000000,4203.0097656,15312
68,0,3,1387873.992769999900000,1137281.359340000000000,4203.5400391,15312
69,0,3,1387819.739400000100000,1137204.319560000000000,4195.7299805,15312
70,0,3,1387774.166580000000000,1137128.364850000000000,4191.3798828,15312
71,0,3,1387678.680660000100000,1137028.538660000100000,4196.1801758,15312
72,0,3,1387594.045410000000000,1136975.370369999900000,4203.7900391,15312
73,0,3,1387481.198420000000000,1136904.840989999900000,4201.8300781,15312
74,0,3,1387448.646400000000000,1136880.969510000000000,4204.2202148,15312
75,0,3,1387378.117020000000000,1136775.717990000000000,4211.7099609,15312
76,0,3,1387120.956079999900000,1136674.806730000100000,4209.4599609,15312
77,0,3,1387058.022180000100000,1136602.107219999900000,4210.4501953,15462
78,0,3,1387030.895500000100000,1136533.747990000100000,4211.4399414,15462
79,0,3,1386929.984239999900000,1136428.496460000100000,4206.3798828,15462
80,0,3,1386829.072979999900000,1136291.777980000000000,4193.1401367,15805
81,0,3,1386736.842269999900000,1136156.144570000000000,4170.5097656,15462
82,0,3,1386647.866750000000000,1136021.596230000000000,4163.0498047,15462
83,0,3,1387826.644050000000000,1137543.305429999900000,4164.7700195,15312
84,0,3,1387733.166350000100000,1137447.980220000000000,4160.3398438,15312
85,0,3,1387668.062310000000000,1137376.365780000100000,4153.8500977,15312
86,0,3,1387587.333300000100000,1137287.824289999900000,4132.7597656,15312
87,0,3,1387563.895850000000000,1137237.043140000000000,4139.9301758,15312
88,0,3,1387597.749950000100000,1137144.595410000100000,4167.7597656,15312
89,0,3,1387518.323020000000000,1137109.439229999900000,4157.1499023,15312
90,0,3,1387461.031470000000000,1137033.918550000100000,4162.5297852,15312
91,0,3,1387390.719109999900000,1137006.574850000000000,4167.1201172,15312
92,0,3,1387299.573460000100000,1137010.481089999900000,4167.3300781,15312
93,0,3,1387198.011170000100000,1137022.199820000000000,4165.1401367,15312
94,0,3,1387104.261350000000000,1136976.627000000100000,4173.9301758,15312
95,0,3,1387005.303219999900000,1136963.606190000000000,4183.8798828,15312
96,0,3,1387017.021939999900000,1137079.491369999900000,4174.2998047,15312
97,0,3,1387017.021939999900000,1137239.647300000100000,4170.8398438,15312
98,0,3,1386964.938709999900000,1137332.095030000000000,4171.7797852,15312
99,0,3,1386869.886819999900000,1137451.886460000000000,4177.2700195,15312
100,0,3,1386802.178619999900000,1137552.146680000000000,4170.8901367,15312
101,0,3,1386763.116200000000000,1137576.886209999900000,4173.1899414,15312
102,0,3,1386625.095640000000000,1137606.834070000100000,4171.7099609,15312
103,0,3,1386549.574960000100000,1137582.094529999900000,4171.1601563,15312
104,0,3,1386352.960770000000000,1137474.021830000000000,4160.3198242,15462
105,0,3,1386184.992360000000000,1137385.480340000000000,4141.6000977,15462
106,0,3,1386091.242550000100000,1137336.001280000000000,4128.6201172,15462
107,0,3,1385933.690780000100000,1137251.366029999900000,4114.2001953,15462
108,0,3,1385860.774260000100000,1137229.230659999900000,4107.2299805,15462
109,0,3,1385686.295440000000000,1137277.407640000100000,4087.8898926,15462
110,0,3,1385600.358109999900000,1137273.501400000000000,4082.5400391,15462
111,0,3,1385434.993860000000000,1137208.397369999900000,4075.2700195,15462
112,0,3,1385282.650410000000000,1137234.438980000100000,4074.5600586,15462
113,0,3,1385147.234020000100000,1137393.292829999900000,4048.2500000,15462
114,0,3,1385097.754950000000000,1137412.824040000100000,4047.2900391,15462
115,0,3,1384946.713580000000000,1137386.782420000100000,4045.4499512,15462
116,0,3,1384849.057530000100000,1137317.772150000100000,4039.3798828,15462
117,0,3,1384734.474429999900000,1137220.116089999900000,4027.1201172,15462
118,0,3,1384686.297440000100000,1137123.762120000100000,4023.1298828,15462
119,0,3,1393692.536660000000000,1139227.165030000000000,4286.2900391,15184
120,0,3,1393646.963830000000000,1139159.456830000000000,4294.0297852,15372
121,0,3,1393534.984890000000000,1139068.311180000000000,4296.2001953,15372
122,0,3,1393390.453930000100000,1138983.675929999900000,4292.9599609,15372
123,0,3,1393268.058340000000000,1138809.197110000100000,4282.5800781,15372
124,0,3,1393171.704369999900000,1138685.499450000000000,4262.0498047,15372
125,0,3,1393113.110739999900000,1138636.020379999900000,4257.1499023,15372
126,0,3,1393080.558720000100000,1138608.676680000000000,4254.7299805,15289
127,0,3,1392938.631920000100000,1138633.416220000000000,4233.2500000,15289
128,0,3,1392805.819680000000000,1138607.374600000000000,4201.6899414,15289
129,0,3,1392654.778320000000000,1138514.926870000100000,4177.9199219,15289
130,0,3,1392498.528630000100000,1138423.781220000000000,4147.3598633,15289
131,0,3,1392361.810150000000000,1138311.802279999900000,4119.7597656,15289
132,0,3,1392266.758260000000000,1138210.239980000100000,4105.7597656,15289
133,0,3,1394936.023760000000000,1137522.741350000000000,4016.0400391,15372
134,0,3,1394844.878109999900000,1137565.710020000100000,4019.7099609,15372
135,0,3,1394637.847270000000000,1137570.918340000100000,4046.2199707,15372
136,0,3,1394492.014230000100000,1137553.991290000000000,4056.0200195,15372
137,0,3,1394235.504320000100000,1137535.762159999900000,4088.8601074,15372
138,0,3,1394048.004699999900000,1137531.855920000000000,4101.4902344,15372
139,0,3,1393870.921720000000000,1137535.762159999900000,4126.0400391,15577
140,0,3,1393747.224050000100000,1137639.928619999900000,4146.7001953,15372
141,0,3,1393646.963830000000000,1137754.511720000100000,4170.7900391,15372
142,0,3,1393581.859800000000000,1137936.803030000100000,4193.0097656,15372
143,0,3,1393459.464209999900000,1138073.521500000000000,4225.3198242,15372
144,0,3,1393304.516600000000000,1138234.979510000000000,4239.9501953,15372
145,0,3,1393247.225050000000000,1138335.239730000000000,4243.0297852,15372
146,0,3,1393184.725180000100000,1138460.239480000000000,4246.5200195,15372
147,0,3,1393135.246109999900000,1138565.708020000000000,4253.3901367,15372
148,0,3,1393141.756510000000000,1138637.322459999900000,4258.0698242,15372
149,0,3,1393157.381480000000000,1138727.166030000000000,4265.5297852,15372
150,0,3,1393154.777320000100000,1138814.405439999900000,4277.6401367,15289
151,0,3,1393140.454429999900000,1138904.249009999900000,4282.2700195,15289
152,0,3,1393154.777320000100000,1139001.905060000000000,4281.7700195,15289
153,0,3,1393153.475240000100000,1139086.540310000100000,4280.2998047,15289
154,0,3,1393081.860799999900000,1139178.988040000000000,4264.8100586,15289
155,0,3,1393029.777569999900000,1139225.862950000000000,4248.9799805,15289
156,0,0,1377162.560020000000000,1132501.207669999900000,3475.5000000,15683
157,0,0,1377383.913750000100000,1132528.551359999900000,3491.8000488,15683
158,0,0,1377646.934050000000000,1132558.499220000100000,3514.3898926,15683
159,0,0,1377723.756820000000000,1132583.238750000000000,3514.0900879,15683
160,0,0,1377860.475290000000000,1132571.520030000000000,3524.4899902,15683
161,0,0,1378054.485320000000000,1132653.551109999900000,3548.1899414,15683
162,0,0,1378200.318359999900000,1132618.394930000000000,3568.2600098,15683
163,0,0,1378322.713950000000000,1132558.499220000100000,3599.8798828,15683
164,0,0,1378396.932550000000000,1132475.166050000100000,3623.9899902,15683
165,0,0,1378472.453230000100000,1132574.124189999900000,3614.4199219,15683
166,0,0,1378577.921769999900000,1132549.384649999900000,3648.0000000,15683
167,0,0,1378747.192270000000000,1132283.760180000000000,3711.9599609,15683
168,0,0,1378902.638460000000000,1132292.578079999900000,3737.5000000,15683
169,0,0,1378942.785949999900000,1132248.090320000000000,3748.6999512,15683
170,0,0,1378883.107249999900000,1132135.243330000000000,3760.7299805,15683
171,0,0,1378903.723530000100000,1132072.309429999900000,3772.3500977,15683
172,0,0,1379046.952409999900000,1132065.799020000000000,3793.9199219,15683
173,0,0,1379270.476270000000000,1132100.521170000100000,3835.5000000,15683
174,0,0,1379394.173939999900000,1132113.541980000000000,3847.6699219,15683
175,0,0,1379571.039900000000000,1132197.092160000000000,3858.6298828,15683
176,0,0,1379751.161069999900000,1132242.664990000000000,3871.0400391,15683
177,0,0,1379947.558250000000000,1132352.256779999900000,3898.3701172,15683
178,0,0,1380152.635960000100000,1132419.530950000000000,3966.1799316,15683
179,0,0,1380270.908289999900000,1132505.251269999900000,3984.0500488,15683
180,0,0,1380373.989680000100000,1132653.905480000000000,4009.2900391,15683
181,0,0,1380449.944390000100000,1132816.665580000000000,4041.3100586,15683
182,0,3,1386565.401640000100000,1135929.365509999900000,4141.8398438,15462
183,0,3,1386505.722940000000000,1135799.157440000000000,4125.4101563,15462
184,0,3,1386490.531990000000000,1135668.949370000000000,4117.6899414,15462
185,0,3,1386489.446930000100000,1135568.038110000100000,4109.2700195,15462
186,0,3,1386413.492219999900000,1135432.404700000100000,4104.0000000,15462
187,0,3,1386354.808999999900000,1135335.923530000000000,4099.4599609,15462
188,0,3,1386174.687840000000000,1135270.819500000000000,4089.8701172,15462
189,0,3,1385972.865320000100000,1135199.205060000100000,4082.0000000,15462
190,0,3,1385818.785770000000000,1135086.358060000000000,4079.1699219,15462
191,0,3,1385640.834740000100000,1134917.087570000000000,4059.5300293,15462
192,0,3,1385473.734380000000000,1134749.987209999900000,4047.2800293,15462
193,0,3,1385323.995090000100000,1134643.650609999900000,4023.0800781,15462
194,0,3,1385200.297420000000000,1134567.695899999900000,4007.0500488,15462
195,0,3,1385057.068539999900000,1134543.824420000000000,3987.2399902,15462
196,0,3,1384872.607110000000000,1134545.994560000000000,3968.6799316,15805
197,0,3,1384712.017150000000000,1134526.463350000100000,3965.6599121,15462
198,0,3,1384557.937600000100000,1134506.932139999900000,3962.3701172,15462
199,0,3,1384360.455349999900000,1134426.637159999900000,3937.5300293,15462
200,0,3,1384221.566739999900000,1134315.960299999900000,3932.6599121,15462
201,0,3,1384100.039210000100000,1134174.901550000100000,3926.3400879,15462
202,0,3,1383978.511669999900000,1134001.290790000000000,3928.3999023,15805
203,0,3,1383898.216689999900000,1133823.339750000000000,3931.8999023,15462
204,0,3,1383820.091850000000000,1133643.218589999900000,3925.2099609,15462
205,0,3,1383724.432319999900000,1133454.416879999900000,3907.7600098,15462
206,0,3,1383627.731119999900000,1133315.484870000000000,3924.5600586,15462
207,0,3,1383495.352920000000000,1133231.934690000000000,3926.5900879,15462
208,0,3,1383362.974710000000000,1133148.384510000000000,3934.0900879,15462
209,0,3,1383225.171170000000000,1133085.450609999900000,3938.6599121,15462
210,0,3,1383091.707890000000000,1133048.558320000100000,3955.8601074,15462
211,0,3,1382999.477170000100000,1133034.452439999900000,3962.9899902,15462
212,0,3,1382879.034700000000000,1133000.815359999900000,3960.8798828,15462
213,0,3,1382562.195060000100000,1132925.945720000000000,3931.6201172,15462
214,0,3,1382489.495550000100000,1132892.308630000100000,3936.2399902,15462
215,0,3,1382277.907429999900000,1132868.437149999900000,3926.6799316,15462
216,0,3,1382205.207930000000000,1132842.395539999900000,3923.9399414,15462
217,0,3,1382132.508420000100000,1132753.420020000100000,3916.9799805,15462
218,0,3,1382079.340120000100000,1132659.019170000000000,3921.0500488,15462
219,0,3,1381996.875010000100000,1132573.298849999900000,3931.7800293,15462
220,0,3,1381959.982720000000000,1132530.981230000000000,3939.9099121,15462
221,0,3,1381828.689580000000000,1132432.240109999900000,3958.3999023,15462
222,0,3,1381732.118599999900000,1132282.500820000000000,3978.5600586,15805
223,0,3,1381655.078819999900000,1132109.975129999900000,3996.0000000,15805
224,0,3,1381611.676130000000000,1131954.810510000000000,3998.5700684,15805
225,0,3,1381608.420930000000000,1131779.029610000100000,3973.2199707,15683
226,0,4,1387730.988979999900000,1133351.829560000000000,3417.5600586,15805
227,0,4,1387786.327409999900000,1133406.082920000000000,3425.3100586,15805
228,0,4,1387962.108310000000000,1133473.357090000100000,3434.9199219,15805
229,0,4,1388076.040370000100000,1133602.480100000000000,3455.3200684,15805
230,0,4,1388178.036690000000000,1133748.964179999900000,3468.9599609,15805
231,0,4,1388219.269249999900000,1133912.809339999900000,3480.4799805,15805
232,0,4,1388217.099119999900000,1134036.507010000100000,3495.3100586,15805
233,0,4,1388225.779649999900000,1134191.671630000000000,3500.8500977,15805
234,0,4,1388242.055660000100000,1134305.603690000000000,3510.5200195,15805
235,0,4,1388285.458350000000000,1134357.686920000000000,3516.4699707,15805
236,0,4,1388473.174990000000000,1134420.620820000100000,3533.9199219,15805
237,0,4,1388680.422839999900000,1134500.915800000100000,3573.0900879,15805
238,0,4,1388756.377550000100000,1134537.808089999900000,3582.7099609,15805
239,0,4,1388821.481590000000000,1134608.337460000100000,3596.5400391,15805
240,0,4,1388911.542170000000000,1134683.207100000000000,3615.3601074,15805
241,0,4,1389060.196389999900000,1134662.590820000000000,3626.7700195,15805
242,0,4,1389110.109480000100000,1134668.016160000100000,3637.3798828,15805
243,0,4,1389234.892220000000000,1134818.840510000000000,3676.6000977,15805
244,0,1,1377160.888469999900000,1130313.089850000100000,3600.6201172,15797
245,0,1,1377227.728620000000000,1130258.402460000000000,3607.3999023,15797
246,0,1,1377328.422860000000000,1130131.666610000000000,3623.5500488,15683
247,0,1,1377315.402049999900000,1129969.340540000000000,3644.9799805,15683
248,0,1,1377311.061780000100000,1129905.972610000100000,3654.0500488,15683
249,0,1,1377364.013070000100000,1129730.625740000000000,3678.6398926,15683
250,0,1,1377439.533749999900000,1129583.924649999900000,3688.5500488,15683
251,0,1,1377521.998859999900000,1129484.966509999900000,3697.7800293,15683
252,0,1,1377647.866660000100000,1129387.744480000100000,3710.3400879,15683
253,0,1,1377810.192730000000000,1129300.071049999900000,3722.9499512,15683
254,0,1,1377988.143759999900000,1129245.383660000100000,3735.5200195,15683
255,0,1,1378061.928340000100000,1129208.057340000100000,3744.2800293,15683
256,0,1,1378181.719760000000000,1129046.599330000100000,3766.7700195,15683
257,0,1,1378260.712660000000000,1128936.356500000000000,3771.0600586,15683
258,0,1,1378287.622329999900000,1128874.724680000000000,3772.9099121,15797
259,0,1,1378287.622329999900000,1128769.690160000000000,3772.4599609,15797
260,0,1,1378268.525140000000000,1128675.072300000100000,3767.7399902,15797
261,0,1,1378261.580709999900000,1128560.489190000100000,3768.2900391,15797
262,0,1,1378249.427960000000000,1128489.308780000100000,3769.9599609,15797
263,0,1,1378248.559910000100000,1128412.920040000000000,3772.1699219,15797
264,0,1,1378238.143260000000000,1128313.093850000100000,3773.3400879,15797
265,0,1,1378239.879370000000000,1128278.371700000000000,3774.3400879,15797
266,0,1,1378297.170919999900000,1128169.864970000000000,3784.9699707,15797
267,0,1,1378328.420860000000000,1128096.080400000100000,3793.8701172,15797
268,0,1,1378390.052680000000000,1128012.747230000100000,3804.0000000,15797
269,0,1,1378404.809590000000000,1127935.490440000100000,3805.3999023,15797
270,0,1,1378387.448520000100000,1127857.365599999900000,3806.2299805,15797
271,0,1,1378360.538849999900000,1127775.768540000100000,3804.1999512,15797
272,0,1,1378298.038970000100000,1127734.970010000000000,3797.9299316,15797
273,0,1,1378120.087940000000000,1127696.775639999900000,3777.7500000,15797
274,0,1,1377960.366040000000000,1127656.845170000100000,3763.2800293,15797
275,0,1,1377871.824550000000000,1127649.900740000000000,3754.1599121,15797
276,0,1,1377752.901180000000000,1127615.178580000100000,3756.3999023,15797
277,0,1,1377653.074990000100000,1127614.310529999900000,3754.2199707,15797
278,0,1,1377528.943290000100000,1127666.393759999900000,3743.4199219,15797
279,0,1,1377385.714410000000000,1127677.678460000100000,3729.9599609,15797
280,0,1,1377330.158970000000000,1127668.129870000100000,3729.0300293,15797
281,0,1,1377264.186879999900000,1127618.650799999900000,3720.5300293,15797
282,0,1,1377209.499490000100000,1127560.491190000000000,3709.4799805,15797
283,0,3,1381610.591060000000000,1131606.503910000000000,3951.5200195,15683
284,0,3,1381621.441730000100000,1131476.295840000000000,3937.2299805,15683
285,0,3,1381616.016400000100000,1131318.961080000000000,3931.5900879,15683
286,0,3,1381601.910519999900000,1131173.562070000000000,3924.5700684,15683
287,0,3,1381617.101460000000000,1131037.928660000000000,3907.3500977,15683
288,0,3,1381578.039039999900000,1130999.951300000100000,3898.4399414,15683
289,0,3,1381510.764870000100000,1130999.951300000100000,3888.1799316,15683
290,0,3,1381466.277109999900000,1130945.697940000100000,3874.6201172,15683
291,0,3,1381454.341370000000000,1130855.637360000100000,3858.6000977,15683
292,0,3,1381454.341370000000000,1130725.429280000000000,3846.7299805,15683
293,0,3,1381418.534150000000000,1130504.075560000000000,3814.2800293,15683
294,0,3,1381367.535990000000000,1130322.869320000100000,3800.9799805,15683
295,0,3,1381330.643699999900000,1130168.789769999900000,3788.0900879,15683
296,0,3,1381304.298269999900000,1130079.684050000000000,3779.3400879,15683
297,0,3,1381250.131710000100000,1129984.371740000100000,3776.4199219,15683
298,0,3,1381194.402659999900000,1129911.455219999900000,3770.7900391,15683
299,0,3,1381140.236100000100000,1129830.205379999900000,3774.3798828,15683
300,0,3,1381072.007070000100000,1129733.851409999900000,3775.8601074,15683
301,0,3,1381013.673849999900000,1129644.789080000000000,3775.8601074,15683
302,0,3,1380942.840660000000000,1129576.560050000000000,3773.0000000,15683
303,0,3,1380827.215890000100000,1129456.247789999900000,3767.4499512,15683
304,0,3,1380700.132810000100000,1129376.560450000000000,3768.3000488,15683
305,0,3,1380626.695460000100000,1129261.456520000000000,3771.7299805,15683
306,0,3,1380575.480280000000000,1129195.831650000100000,3774.1298828,15683
307,0,3,1380541.626190000000000,1129130.727609999900000,3776.3100586,15683
308,0,3,1380400.133410000000000,1129078.644380000000000,3776.6298828,15683
309,0,3,1380243.015670000100000,1129047.394450000000000,3772.2399902,15683
310,0,3,1380159.682500000100000,1129020.484780000100000,3778.0300293,15683
311,0,3,1380037.286920000100000,1128977.082089999900000,3778.5500488,15683
312,0,3,1379954.821800000000000,1128914.582209999900000,3782.8798828,15683
313,0,3,1379883.641390000000000,1128868.575359999900000,3782.2700195,15683
314,0,3,1379839.370649999900000,1128863.367039999900000,3780.4199219,15683
315,0,3,1379778.606880000100000,1128869.443410000100000,3776.8701172,15683
316,0,3,1379732.600030000100000,1128820.832400000000000,3788.4499512,15683
317,0,3,1379556.385100000100000,1128708.853459999900000,3797.8300781,15683
318,0,3,1379407.079840000000000,1128577.777330000000000,3800.1799316,15683
319,0,3,1379335.031380000100000,1128477.951140000000000,3800.1499023,15683
320,0,3,1379269.927339999900000,1128346.006959999900000,3796.2500000,15683
321,0,3,1379195.274710000000000,1128243.576610000100000,3793.1201172,15683
322,0,3,1379146.663699999900000,1128109.028269999900000,3792.5800781,15683
323,0,3,1379091.976310000100000,1128002.257650000000000,3802.2700195,15683
324,0,3,1379072.011070000000000,1127993.577110000000000,3802.2700195,15683
325,0,3,1378985.205690000000000,1128010.938180000100000,3801.9099121,15683
326,0,3,1378851.525399999900000,1127989.236839999900000,3803.6999512,15683
327,0,3,1378750.831160000100000,1127956.250790000000000,3803.1699219,15683
328,0,3,1378640.588320000100000,1127937.153609999900000,3810.4699707,15683
329,0,3,1378541.630189999900000,1127885.070379999900000,3815.5300293,15683
330,0,3,1378441.804000000000000,1127830.382990000100000,3814.1799316,15797
331,0,3,1378360.538849999900000,1127775.768540000100000,3804.1999512,15797
332,0,5,1382835.816480000000000,1127602.998459999900000,3223.2800293,15805
333,0,5,1382806.302650000000000,1127675.914979999900000,3199.5100098,15805
334,0,5,1382695.191760000100000,1127769.664799999900000,3175.4899902,15805
335,0,1,1377188.666190000000000,1127488.442730000000000,3703.6799316,15797
336,0,1,1377168.700960000000000,1127446.776140000000000,3703.2500000,15797
337,0,5,1383155.260280000000000,1127092.582819999900000,3255.4199219,16091
338,0,5,1383151.788070000000000,1127191.540950000100000,3249.2099609,16091
339,0,5,1383118.802020000100000,1127300.915730000000000,3244.9299316,15805
340,0,5,1383091.024299999900000,1127399.873870000000000,3234.7199707,15805
341,0,5,1383049.357709999900000,1127477.998710000000000,3215.5500488,15805
342,0,5,1382950.399580000000000,1127498.831999999900000,3214.7199707,15805
343,0,5,1382889.635809999900000,1127531.818049999900000,3209.0500488,15805